2 0.174000 0.101990 0.108000 0.104478
2 0.522000 0.106965 0.132000 0.104478
2 0.830000 0.106965 0.132000 0.104478
0 0.088000 0.517413 0.072000 0.139303
0 0.282000 0.502488 0.076000 0.139303
0 0.466000 0.507463 0.060000 0.139303
0 0.568000 0.522388 0.080000 0.169154
0 0.834000 0.522388 0.068000 0.169154
4 0.134000 0.853234 0.100000 0.094527
4 0.254000 0.840796 0.084000 0.099502
4 0.476000 0.815920 0.128000 0.099502
4 0.566000 0.833333 0.124000 0.144279
4 0.834000 0.835821 0.124000 0.149254
3 0.194000 0.514925 0.164000 0.621891
3 0.530000 0.500000 0.172000 0.621891
3 0.844000 0.522388 0.152000 0.666667
