2 0.212014 0.132022 0.084806 0.106742
2 0.528269 0.115169 0.088339 0.095506
2 0.897527 0.168539 0.091873 0.123596
3 0.196113 0.539326 0.116608 0.640449
3 0.554770 0.542135 0.197880 0.646067
3 0.899293 0.564607 0.201413 0.623596
4 0.139576 0.853933 0.074205 0.112360
4 0.220848 0.873596 0.053004 0.106742
4 0.480565 0.817416 0.106007 0.084270
4 0.591873 0.893258 0.088339 0.134831
4 0.818021 0.820225 0.095406 0.078652
4 0.932862 0.904494 0.091873 0.089888
0 0.106007 0.269663 0.056537 0.089888
0 0.240283 0.362360 0.049470 0.084270
0 0.422261 0.140449 0.038869 0.123596
0 0.434629 0.398876 0.084806 0.089888
0 0.773852 0.165730 0.035336 0.140449
0 0.786219 0.396067 0.053004 0.095506
