2 0.156977 0.087179 0.127907 0.102564
2 0.494186 0.094872 0.120155 0.097436
2 0.796512 0.087179 0.127907 0.112821
3 0.195736 0.535897 0.182171 0.661538
3 0.476744 0.548718 0.178295 0.666667
3 0.769380 0.525641 0.189922 0.641026
0 0.083333 0.497436 0.081395 0.153846
0 0.281008 0.551282 0.081395 0.138462
0 0.472868 0.558974 0.124031 0.184615
0 0.713178 0.489744 0.085271 0.179487
0 0.895349 0.556410 0.116279 0.169231
4 0.129845 0.907692 0.120155 0.143590
4 0.240310 0.882051 0.124031 0.123077
4 0.418605 0.830769 0.069767 0.184615
4 0.511628 0.900000 0.131783 0.148718
4 0.691860 0.853846 0.096899 0.148718
4 0.784884 0.897436 0.135659 0.143590
