2 0.178000 0.106965 0.100000 0.094527
2 0.516000 0.092040 0.120000 0.094527
2 0.832000 0.094527 0.128000 0.089552
3 0.186000 0.500000 0.164000 0.601990
3 0.538000 0.497512 0.164000 0.606965
3 0.846000 0.522388 0.140000 0.636816
0 0.090000 0.517413 0.060000 0.139303
0 0.284000 0.509950 0.072000 0.144279
0 0.476000 0.517413 0.072000 0.149254
0 0.568000 0.527363 0.088000 0.159204
0 0.838000 0.519900 0.084000 0.174129
4 0.142000 0.840796 0.100000 0.099502
4 0.258000 0.840796 0.084000 0.109453
4 0.520000 0.838308 0.200000 0.124378
4 0.838000 0.853234 0.156000 0.134328
