0 0.110063 0.339623 0.044025 0.075472
0 0.465409 0.440252 0.037736 0.075472
0 0.542453 0.295597 0.053459 0.100629
0 0.751572 0.374214 0.037736 0.094340
0 0.904088 0.320755 0.053459 0.075472
3 0.171384 0.566038 0.097484 0.528302
3 0.501572 0.584906 0.147799 0.641509
3 0.822327 0.575472 0.128931 0.597484
4 0.139937 0.845912 0.053459 0.094340
4 0.210692 0.858491 0.069182 0.132075
4 0.457547 0.896226 0.078616 0.144654
4 0.526730 0.899371 0.072327 0.163522
4 0.783019 0.801887 0.069182 0.157233
4 0.847484 0.880503 0.066038 0.163522
