4 0.183206 0.851562 0.114504 0.119792
4 0.288168 0.869792 0.118321 0.114583
4 0.513359 0.895833 0.110687 0.114583
4 0.601145 0.869792 0.095420 0.104167
4 0.870229 0.882812 0.175573 0.130208
0 0.141221 0.184896 0.076336 0.078125
0 0.601145 0.187500 0.041985 0.104167
0 0.772901 0.236979 0.049618 0.067708
0 0.805344 0.408854 0.083969 0.119792
3 0.236641 0.578125 0.190840 0.583333
3 0.580153 0.611979 0.190840 0.536458
3 0.893130 0.585938 0.160305 0.578125
0 0.158397 0.476562 0.064885 0.067708
0 0.465649 0.453125 0.053435 0.062500
