2 0.164122 0.114583 0.114504 0.093750
2 0.492366 0.117188 0.129771 0.098958
2 0.830153 0.122396 0.118321 0.098958
3 0.190840 0.549479 0.198473 0.640625
3 0.522901 0.554688 0.190840 0.671875
3 0.851145 0.578125 0.160305 0.697917
4 0.124046 0.888021 0.087786 0.109375
4 0.244275 0.888021 0.091603 0.109375
4 0.480916 0.877604 0.106870 0.109375
4 0.561069 0.914062 0.106870 0.098958
4 0.851145 0.898438 0.145038 0.151042
0 0.083969 0.557292 0.038168 0.135417
0 0.257634 0.411458 0.072519 0.093750
0 0.442748 0.572917 0.038168 0.093750
0 0.496183 0.440104 0.083969 0.109375
0 0.767176 0.429688 0.083969 0.109375
