3 0.138577 0.351852 0.142322 0.216931
3 0.387640 0.346561 0.131086 0.238095
3 0.614232 0.357143 0.119850 0.259259
3 0.883895 0.579365 0.172285 0.206349
2 0.176030 0.362434 0.074906 0.121693
2 0.398876 0.177249 0.086142 0.111111
2 0.588015 0.158730 0.097378 0.095238
2 0.837079 0.431217 0.093633 0.079365
4 0.078652 0.804233 0.082397 0.095238
4 0.172285 0.801587 0.059925 0.111111
4 0.310861 0.806878 0.104869 0.111111
4 0.419476 0.791005 0.074906 0.100529
4 0.586142 0.788360 0.093633 0.095238
4 0.672285 0.791005 0.063670 0.142857
4 0.818352 0.793651 0.078652 0.084656
4 0.913858 0.804233 0.074906 0.116402
