2 0.109091 0.153005 0.109091 0.087432
2 0.570909 0.090164 0.123636 0.136612
2 0.654545 0.079235 0.087273 0.103825
2 0.765455 0.060109 0.098182 0.109290
3 0.120000 0.412568 0.160000 0.322404
3 0.323636 0.489071 0.087273 0.136612
3 0.540000 0.382514 0.149091 0.415301
3 0.630909 0.371585 0.120000 0.371585
3 0.756364 0.273224 0.181818 0.360656
3 0.898182 0.423497 0.116364 0.289617
3 0.967273 0.420765 0.065455 0.240437
2 0.325455 0.448087 0.069091 0.109290
2 0.894545 0.226776 0.072727 0.071038
2 0.961818 0.240437 0.069091 0.087432
4 0.049091 0.827869 0.083636 0.125683
4 0.134545 0.830601 0.094545 0.087432
4 0.303636 0.696721 0.061818 0.103825
4 0.400000 0.685792 0.065455 0.092896
4 0.525455 0.904372 0.120000 0.147541
4 0.603636 0.931694 0.109091 0.092896
4 0.689091 0.885246 0.083636 0.153005
4 0.814545 0.879781 0.087273 0.163934
4 0.841818 0.759563 0.054545 0.120219
4 0.949091 0.789617 0.058182 0.114754
