3 0.226766 0.390957 0.193309 0.377660
3 0.375465 0.398936 0.193309 0.276596
3 0.555762 0.452128 0.167286 0.340426
3 0.797398 0.345745 0.197026 0.351064
2 0.224907 0.098404 0.122677 0.090426
2 0.368030 0.186170 0.081784 0.074468
2 0.559480 0.167553 0.085502 0.069149
2 0.802974 0.063830 0.104089 0.095745
4 0.204461 0.952128 0.089219 0.085106
4 0.278810 0.912234 0.118959 0.090426
4 0.537175 0.896277 0.115242 0.175532
4 0.749071 0.888298 0.092937 0.148936
4 0.836431 0.936170 0.059480 0.127660
4 0.355019 0.824468 0.055762 0.085106
4 0.399628 0.800532 0.070632 0.079787
