2 0.122222 0.022222 0.075556 0.035556
2 0.377778 0.026667 0.088889 0.044444
2 0.628889 0.028889 0.075556 0.040000
2 0.871111 0.024444 0.071111 0.040000
2 0.100000 0.533333 0.075556 0.044444
2 0.371111 0.531111 0.066667 0.040000
2 0.622222 0.526667 0.071111 0.048889
2 0.862222 0.531111 0.071111 0.057778
3 0.120000 0.173333 0.142222 0.195556
3 0.373333 0.757778 0.142222 0.351111
4 0.086667 0.453333 0.066667 0.071111
4 0.180000 0.444444 0.075556 0.053333
4 0.328889 0.460000 0.071111 0.066667
4 0.433333 0.464444 0.075556 0.066667
4 0.577778 0.460000 0.062222 0.102222
4 0.666667 0.453333 0.071111 0.097778
4 0.091111 0.948889 0.057778 0.093333
4 0.195556 0.955556 0.097778 0.088889
4 0.584444 0.962222 0.066667 0.075556
4 0.666667 0.962222 0.071111 0.066667
4 0.817778 0.960000 0.080000 0.080000
4 0.884444 0.931111 0.088889 0.066667
4 0.826667 0.462222 0.044444 0.088889
4 0.900000 0.451111 0.084444 0.066667
4 0.315556 0.948889 0.088889 0.093333
4 0.426667 0.946667 0.097778 0.088889
