2 0.175781 0.106599 0.109375 0.101523
2 0.484375 0.101523 0.101562 0.101523
2 0.810547 0.116751 0.113281 0.091371
3 0.166016 0.558376 0.128906 0.670051
3 0.496094 0.565990 0.156250 0.695431
3 0.826172 0.571066 0.128906 0.685279
0 0.093750 0.560914 0.054688 0.116751
0 0.214844 0.360406 0.101562 0.071066
0 0.419922 0.553299 0.042969 0.121827
0 0.480469 0.373096 0.109375 0.076142
0 0.728516 0.368020 0.113281 0.106599
4 0.484375 0.921320 0.156250 0.106599
4 0.800781 0.911168 0.148438 0.096447
4 0.140625 0.916244 0.062500 0.106599
4 0.197266 0.918782 0.058594 0.121827
