2 0.141026 0.111413 0.098901 0.114130
2 0.575092 0.116848 0.109890 0.114130
2 0.761905 0.116848 0.117216 0.114130
3 0.120879 0.543478 0.161172 0.684783
3 0.529304 0.551630 0.172161 0.657609
3 0.761905 0.570652 0.131868 0.728261
0 0.194139 0.331522 0.073260 0.076087
0 0.256410 0.353261 0.058608 0.054348
0 0.415751 0.355978 0.091575 0.081522
0 0.443223 0.290761 0.051282 0.059783
0 0.873626 0.304348 0.084249 0.076087
0 0.917582 0.326087 0.062271 0.097826
4 0.097070 0.831522 0.076923 0.119565
4 0.177656 0.883152 0.098901 0.157609
4 0.457875 0.855978 0.109890 0.114130
4 0.549451 0.883152 0.117216 0.135870
4 0.785714 0.899457 0.142857 0.146739
